              precision    recall  f1-score   support

           0     0.6427    0.6816    0.6616       958
           1     0.8152    0.6757    0.7389       111
           2     0.6350    0.5605    0.5954      1024
           3     0.9065    0.9019    0.9042      1774
           4     0.6793    0.7388    0.7078      1233
           5     0.6407    0.6079    0.6239      1247
           6     0.8062    0.8508    0.8279       831

    accuracy                         0.7353      7178
   macro avg     0.7322    0.7168    0.7228      7178
weighted avg     0.7343    0.7353    0.7340      7178
