              precision    recall  f1-score   support

           0     0.5866    0.6576    0.6201       958
           1     0.8021    0.6937    0.7440       111
           2     0.5789    0.5156    0.5455      1024
           3     0.8847    0.8563    0.8702      1774
           4     0.6268    0.6756    0.6503      1233
           5     0.5730    0.5413    0.5567      1247
           6     0.7901    0.8291    0.8092       831

    accuracy                         0.6897      7178
   macro avg     0.6917    0.6813    0.6851      7178
weighted avg     0.6906    0.6897    0.6892      7178
