              precision    recall  f1-score   support

           0     0.6463    0.6942    0.6694       958
           1     0.8144    0.7117    0.7596       111
           2     0.6639    0.5518    0.6027      1024
           3     0.9187    0.8980    0.9082      1774
           4     0.6760    0.7599    0.7155      1233
           5     0.6517    0.6151    0.6328      1247
           6     0.7976    0.8676    0.8311       831

    accuracy                         0.7421      7178
   macro avg     0.7384    0.7283    0.7313      7178
weighted avg     0.7423    0.7421    0.7406      7178
