              precision    recall  f1-score   support

           0     0.6510    0.6816    0.6660       958
           1     0.8636    0.6847    0.7638       111
           2     0.6487    0.5537    0.5975      1024
           3     0.8999    0.9076    0.9037      1774
           4     0.6831    0.7202    0.7011      1233
           5     0.6284    0.6415    0.6349      1247
           6     0.8273    0.8472    0.8371       831

    accuracy                         0.7381      7178
   macro avg     0.7432    0.7195    0.7292      7178
weighted avg     0.7375    0.7381    0.7369      7178
