              precision    recall  f1-score   support

           0     0.6454    0.6764    0.6606       958
           1     0.8721    0.6757    0.7614       111
           2     0.6320    0.5752    0.6022      1024
           3     0.9098    0.9154    0.9126      1774
           4     0.6890    0.7186    0.7035      1233
           5     0.6369    0.6231    0.6299      1247
           6     0.8266    0.8604    0.8432       831

    accuracy                         0.7403      7178
   macro avg     0.7445    0.7207    0.7305      7178
weighted avg     0.7393    0.7403    0.7393      7178
