              precision    recall  f1-score   support

           0     0.6418    0.6733    0.6572       958
           1     0.8736    0.6847    0.7677       111
           2     0.6410    0.5527    0.5936      1024
           3     0.8890    0.9076    0.8982      1774
           4     0.6717    0.7186    0.6944      1233
           5     0.6273    0.6047    0.6158      1247
           6     0.8197    0.8592    0.8390       831

    accuracy                         0.7315      7178
   macro avg     0.7377    0.7144    0.7237      7178
weighted avg     0.7296    0.7315    0.7296      7178
