              precision    recall  f1-score   support

           0     0.6753    0.7056    0.6901       958
           1     0.8352    0.6847    0.7525       111
           2     0.6485    0.5586    0.6002      1024
           3     0.9078    0.8997    0.9037      1774
           4     0.6707    0.7267    0.6975      1233
           5     0.6312    0.6287    0.6300      1247
           6     0.8272    0.8640    0.8452       831

    accuracy                         0.7409      7178
   macro avg     0.7423    0.7240    0.7313      7178
weighted avg     0.7406    0.7409    0.7398      7178
