              precision    recall  f1-score   support

           0     0.6457    0.6848    0.6646       958
           1     0.8851    0.6937    0.7778       111
           2     0.6377    0.5654    0.5994      1024
           3     0.9064    0.9008    0.9036      1774
           4     0.6921    0.7364    0.7136      1233
           5     0.6307    0.6135    0.6220      1247
           6     0.8203    0.8676    0.8433       831

    accuracy                         0.7389      7178
   macro avg     0.7454    0.7232    0.7320      7178
weighted avg     0.7382    0.7389    0.7378      7178
