              precision    recall  f1-score   support

           0     0.6365    0.6910    0.6627       958
           1     0.8065    0.6757    0.7353       111
           2     0.6309    0.5576    0.5920      1024
           3     0.9113    0.9036    0.9074      1774
           4     0.6936    0.7178    0.7055      1233
           5     0.6233    0.6103    0.6167      1247
           6     0.8156    0.8676    0.8408       831

    accuracy                         0.7353      7178
   macro avg     0.7311    0.7177    0.7229      7178
weighted avg     0.7345    0.7353    0.7342      7178
