              precision    recall  f1-score   support

           0     0.6470    0.6868    0.6663       958
           1     0.8352    0.6847    0.7525       111
           2     0.6460    0.5703    0.6058      1024
           3     0.9024    0.9014    0.9019      1774
           4     0.6844    0.7388    0.7106      1233
           5     0.6330    0.6183    0.6256      1247
           6     0.8260    0.8400    0.8329       831

    accuracy                         0.7379      7178
   macro avg     0.7391    0.7200    0.7279      7178
weighted avg     0.7376    0.7379    0.7370      7178
