              precision    recall  f1-score   support

           0     0.6428    0.6837    0.6626       958
           1     0.8736    0.6847    0.7677       111
           2     0.6640    0.5771    0.6176      1024
           3     0.9112    0.9081    0.9097      1774
           4     0.6867    0.7324    0.7088      1233
           5     0.6271    0.6191    0.6231      1247
           6     0.8249    0.8616    0.8428       831

    accuracy                         0.7417      7178
   macro avg     0.7472    0.7238    0.7332      7178
weighted avg     0.7416    0.7417    0.7408      7178
