              precision    recall  f1-score   support

           0     0.6347    0.6764    0.6549       958
           1     0.8966    0.7027    0.7879       111
           2     0.6393    0.5781    0.6072      1024
           3     0.9086    0.9019    0.9052      1774
           4     0.6711    0.7299    0.6993      1233
           5     0.6300    0.6022    0.6158      1247
           6     0.8341    0.8532    0.8435       831

    accuracy                         0.7353      7178
   macro avg     0.7449    0.7206    0.7305      7178
weighted avg     0.7356    0.7353    0.7347      7178
