              precision    recall  f1-score   support

           0     0.6607    0.6910    0.6755       958
           1     0.8736    0.6847    0.7677       111
           2     0.6464    0.5605    0.6004      1024
           3     0.9021    0.9087    0.9054      1774
           4     0.6836    0.7202    0.7014      1233
           5     0.6266    0.6311    0.6288      1247
           6     0.8207    0.8484    0.8343       831

    accuracy                         0.7389      7178
   macro avg     0.7448    0.7207    0.7305      7178
weighted avg     0.7381    0.7389    0.7378      7178
