              precision    recall  f1-score   support

           0     0.6297    0.6587    0.6439       958
           1     0.8261    0.6847    0.7488       111
           2     0.6344    0.5625    0.5963      1024
           3     0.8963    0.9064    0.9013      1774
           4     0.6873    0.7291    0.7076      1233
           5     0.6266    0.6014    0.6137      1247
           6     0.8198    0.8652    0.8419       831

    accuracy                         0.7327      7178
   macro avg     0.7315    0.7154    0.7219      7178
weighted avg     0.7307    0.7327    0.7310      7178
