              precision    recall  f1-score   support

           0     0.6545    0.6367    0.6455       958
           1     0.7755    0.6847    0.7273       111
           2     0.6514    0.5273    0.5828      1024
           3     0.8786    0.8935    0.8860      1774
           4     0.6359    0.7324    0.6807      1233
           5     0.6142    0.6103    0.6122      1247
           6     0.8143    0.8387    0.8263       831

    accuracy                         0.7205      7178
   macro avg     0.7178    0.7034    0.7087      7178
weighted avg     0.7196    0.7205    0.7185      7178
