              precision    recall  f1-score   support

           0     0.6339    0.6868    0.6593       958
           1     0.8721    0.6757    0.7614       111
           2     0.6300    0.5488    0.5866      1024
           3     0.9064    0.9008    0.9036      1774
           4     0.6720    0.7178    0.6941      1233
           5     0.6276    0.6135    0.6204      1247
           6     0.8262    0.8580    0.8418       831

    accuracy                         0.7322      7178
   macro avg     0.7383    0.7145    0.7239      7178
weighted avg     0.7321    0.7322    0.7312      7178
